set viewpoints(0,0,0) {  {{-0.31281 0.516714 0.796943 0} {0.551732 0.78182 -0.29035 0} {-0.773101 0.348884 -0.529657 0} {0 0 0 1}}  }
set viewpoints(0,0,1) {  {{1 0 0 0.0380092} {0 1 0 -0.284701} {0 0 1 0.140735} {0 0 0 1}}  }
set viewpoints(0,0,2) {  {{0.0106638 0 0 0} {0 0.0106638 0 0} {0 0 0.0106638 0} {0 0 0 1}}  }
set viewpoints(0,0,3) {  {{1 0 0 0} {0 1 0 0} {0 0 1 0} {0 0 0 1}}  }

set viewpoints(1333,0,0) {  {{0.716557 -0.697112 -0.0227461 0} {0.302637 0.340125 -0.890325 0} {0.628398 0.631104 0.454699 0} {0 0 0 1}}  }
set viewpoints(1333,0,1) {  {{1 0 0 0.0380092} {0 1 0 -0.284701} {0 0 1 0.140735} {0 0 0 1}}  }
set viewpoints(1333,0,2) {  {{0.0116203 0 0 0} {0 0.0116203 0 0} {0 0 0.0116203 0} {0 0 0 1}}  }
set viewpoints(1333,0,3) {  {{1 0 0 0} {0 1 0 0} {0 0 1 0} {0 0 0 1}}  }

set viewpoints(6220,0,0) {  {{0.934559 0.0506168 0.352051 0} {-0.280918 -0.50205 0.817904 0} {0.218158 -0.863312 -0.454994 0} {0 0 0 1}}  }
set viewpoints(6220,0,1) {  {{1 0 0 0.0380092} {0 1 0 -0.284701} {0 0 1 0.140735} {0 0 0 1}}  }
set viewpoints(6220,0,2) {  {{0.018811 0 0 0} {0 0.018811 0 0} {0 0 0.018811 0} {0 0 0 1}}  }
set viewpoints(6220,0,3) {  {{1 0 0 0} {0 1 0 0} {0 0 1 0} {0 0 0 1}}  }

set viewpoints(8420,0,0) {  {{0.282481 0.956981 -0.0656283 0} {-0.361689 0.16962 0.916697 0} {0.888416 -0.235225 0.394056 0} {0 0 0 1}}  }
set viewpoints(8420,0,1) {  {{1 0 0 0.0380092} {0 1 0 -0.284701} {0 0 1 0.140735} {0 0 0 1}}  }
set viewpoints(8420,0,2) {  {{0.018811 0 0 0} {0 0.018811 0 0} {0 0 0.018811 0} {0 0 0 1}}  }
set viewpoints(8420,0,3) {  {{1 0 0 0} {0 1 0 0} {0 0 1 0} {0 0 0 1}}  }

set viewpoints(9000,0,0) {  {{0.455349 0.841152 0.291217 0} {0.292749 -0.450453 0.843267 0} {0.840612 -0.298763 -0.451439 0} {0 0 0 1}}  }
set viewpoints(9000,0,1) {  {{1 0 0 0.0380092} {0 1 0 -0.284701} {0 0 1 0.140735} {0 0 0 1}}  }
set viewpoints(9000,0,2) {  {{0.018811 0 0 0} {0 0.018811 0 0} {0 0 0.018811 0} {0 0 0 1}}  }
set viewpoints(9000,0,3) {  {{1 0 0 0} {0 1 0 0} {0 0 1 0} {0 0 0 1}}  }

set viewpoints(10600,0,0) {  {{-0.18768 0.714134 0.674307 0} {0.459724 -0.542788 0.702804 0} {0.867933 0.441921 -0.226464 0} {0 0 0 1}}  }
set viewpoints(10600,0,1) {  {{1 0 0 0.0380092} {0 1 0 -0.284701} {0 0 1 0.140735} {0 0 0 1}}  }
set viewpoints(10600,0,2) {  {{0.018811 0 0 0} {0 0.018811 0 0} {0 0 0.018811 0} {0 0 0 1}}  }
set viewpoints(10600,0,3) {  {{1 0 0 0} {0 1 0 0} {0 0 1 0} {0 0 0 1}}  }

set viewpoints(12000,0,0) {  {{-0.554134 -0.828543 -0.0781086 0} {-0.569883 0.30939 0.761019 0} {-0.606458 0.466321 -0.643731 0} {0 0 0 1}}  }
set viewpoints(12000,0,1) {  {{1 0 0 0.0380092} {0 1 0 -0.284701} {0 0 1 0.140735} {0 0 0 1}}  }
set viewpoints(12000,0,2) {  {{0.0208285 0 0 0} {0 0.0208285 0 0} {0 0 0.0208285 0} {0 0 0 1}}  }
set viewpoints(12000,0,3) {  {{1 0 0 0} {0 1 0 0} {0 0 1 0} {0 0 0 1}}  }

set viewpoints(17800,0,0) {  {{0.862406 0.49798 0.0902294 0} {0.0156822 -0.204516 0.978689 0} {0.505845 -0.842662 -0.184198 0} {0 0 0 1}}  }
set viewpoints(17800,0,1) {  {{1 0 0 0.0380092} {0 1 0 -0.284701} {0 0 1 0.140735} {0 0 0 1}}  }
set viewpoints(17800,0,2) {  {{0.018811 0 0 0} {0 0.018811 0 0} {0 0 0.018811 0} {0 0 0 1}}  }
set viewpoints(17800,0,3) {  {{1 0 0 0} {0 1 0 0} {0 0 1 0} {0 0 0 1}}  }

set viewpoints(25000,0,0) {  {{-0.0237257 -0.637112 -0.770325 0} {-0.933617 -0.261277 0.244867 0} {-0.357285 0.72505 -0.588665 0} {0 0 0 1}}  }
set viewpoints(25000,0,1) {  {{1 0 0 0.0380092} {0 1 0 -0.284701} {0 0 1 0.140735} {0 0 0 1}}  }
set viewpoints(25000,0,2) {  {{0.018811 0 0 0} {0 0.018811 0 0} {0 0 0.018811 0} {0 0 0 1}}  }
set viewpoints(25000,0,3) {  {{1 0 0 0} {0 1 0 0} {0 0 1 0} {0 0 0 1}}  }

set viewpoints(30000,0,0) {  {{0.355436 0.490564 -0.795547 0} {0.597537 0.535173 0.596983 0} {0.718652 -0.687604 -0.102924 0} {0 0 0 1}}  }
set viewpoints(30000,0,1) {  {{1 0 0 0.0380092} {0 1 0 -0.284701} {0 0 1 0.140735} {0 0 0 1}}  }
set viewpoints(30000,0,2) {  {{0.018811 0 0 0} {0 0.018811 0 0} {0 0 0.018811 0} {0 0 0 1}}  }
set viewpoints(30000,0,3) {  {{1 0 0 0} {0 1 0 0} {0 0 1 0} {0 0 0 1}}  }

set viewpoints(35000,0,0) {  {{0.991722 -0.123903 0.0311618 0} {-0.124195 -0.992156 0.00759158 0} {0.0299907 -0.011394 -0.999418 0} {0 0 0 1}}  }
set viewpoints(35000,0,1) {  {{1 0 0 0.0380092} {0 1 0 -0.284701} {0 0 1 0.140735} {0 0 0 1}}  }
set viewpoints(35000,0,2) {  {{0.018811 0 0 0} {0 0.018811 0 0} {0 0 0.018811 0} {0 0 0 1}}  }
set viewpoints(35000,0,3) {  {{1 0 0 0} {0 1 0 0} {0 0 1 0} {0 0 0 1}}  }

set viewpoints(40000,0,0) {  {{0.761777 0.504546 -0.406168 0} {0.31522 0.258954 0.912917 0} {0.56582 -0.823536 0.0382253 0} {0 0 0 1}}  }
set viewpoints(40000,0,1) {  {{1 0 0 0.0380092} {0 1 0 -0.284701} {0 0 1 0.140735} {0 0 0 1}}  }
set viewpoints(40000,0,2) {  {{0.018811 0 0 0} {0 0.018811 0 0} {0 0 0.018811 0} {0 0 0 1}}  }
set viewpoints(40000,0,3) {  {{1 0 0 0} {0 1 0 0} {0 0 1 0} {0 0 0 1}}  }

set viewpoints(45000,0,0) {  {{0.528503 0.839993 0.122162 0} {-0.6512 0.308921 0.693069 0} {0.544461 -0.445881 0.710336 0} {0 0 0 1}}  }
set viewpoints(45000,0,1) {  {{1 0 0 0.0380092} {0 1 0 -0.284701} {0 0 1 0.140735} {0 0 0 1}}  }
set viewpoints(45000,0,2) {  {{0.018811 0 0 0} {0 0.018811 0 0} {0 0 0.018811 0} {0 0 0 1}}  }
set viewpoints(45000,0,3) {  {{1 0 0 0} {0 1 0 0} {0 0 1 0} {0 0 0 1}}  }

set viewpoints(50000,0,0) {  {{-0.95867 0.206366 0.19537 0} {-0.0259548 0.620935 -0.783322 0} {-0.28298 -0.756082 -0.589971 0} {0 0 0 1}}  }
set viewpoints(50000,0,1) {  {{1 0 0 0.0380092} {0 1 0 -0.284701} {0 0 1 0.140735} {0 0 0 1}}  }
set viewpoints(50000,0,2) {  {{0.018811 0 0 0} {0 0.018811 0 0} {0 0 0.018811 0} {0 0 0 1}}  }
set viewpoints(50000,0,3) {  {{1 0 0 0} {0 1 0 0} {0 0 1 0} {0 0 0 1}}  }

set viewpoints(55000,0,0) {  {{-0.995415 -0.0130874 -0.0936292 0} {0.0359855 0.863325 -0.503179 0} {0.0874374 -0.504278 -0.85899 0} {0 0 0 1}}  }
set viewpoints(55000,0,1) {  {{1 0 0 0.0380092} {0 1 0 -0.284701} {0 0 1 0.140735} {0 0 0 1}}  }
set viewpoints(55000,0,2) {  {{0.018811 0 0 0} {0 0.018811 0 0} {0 0 0.018811 0} {0 0 0 1}}  }
set viewpoints(55000,0,3) {  {{1 0 0 0} {0 1 0 0} {0 0 1 0} {0 0 0 1}}  }

set viewpoints(60000,0,0) {  {{-0.756615 -0.448862 0.475249 0} {-0.425985 0.889927 0.16233 0} {-0.495833 -0.0796266 -0.864633 0} {0 0 0 1}}  }
set viewpoints(60000,0,1) {  {{1 0 0 0.0380092} {0 1 0 -0.284701} {0 0 1 0.140735} {0 0 0 1}}  }
set viewpoints(60000,0,2) {  {{0.018811 0 0 0} {0 0.018811 0 0} {0 0 0.018811 0} {0 0 0 1}}  }
set viewpoints(60000,0,3) {  {{1 0 0 0} {0 1 0 0} {0 0 1 0} {0 0 0 1}}  }

set viewpoints(65000,0,0) {  {{-0.628419 0.775199 0.0626486 0} {-0.709108 -0.604194 0.363183 0} {0.319408 0.183814 0.92949 0} {0 0 0 1}}  }
set viewpoints(65000,0,1) {  {{1 0 0 0.0380092} {0 1 0 -0.284701} {0 0 1 0.140735} {0 0 0 1}}  }
set viewpoints(65000,0,2) {  {{0.018811 0 0 0} {0 0.018811 0 0} {0 0 0.018811 0} {0 0 0 1}}  }
set viewpoints(65000,0,3) {  {{1 0 0 0} {0 1 0 0} {0 0 1 0} {0 0 0 1}}  }

set viewpoints(67200,0,0) { {{0.393956 0.137218 -0.908703 0} {-0.883737 0.327776 -0.333632 0} {0.252091 0.934605 0.250404 0} {0 0 0 1}} }
set viewpoints(67200,0,1) { {{1 0 0 0.0380092} {0 1 0 -0.284701} {0 0 1 0.140735} {0 0 0 1}} }
set viewpoints(67200,0,2) { {{0.018811 0 0 0} {0 0.018811 0 0} {0 0 0.018811 0} {0 0 0 1}} }
set viewpoints(67200,0,3) { {{1 0 0 0} {0 1 0 0} {0 0 1 0} {0 0 0 1}} }

set viewpoints(70000,0,0) {  {{0.379968 0.101565 -0.919286 0} {-0.224956 0.974137 0.0146328 0} {0.89709 0.201256 0.393015 0} {0 0 0 1}}  }
set viewpoints(70000,0,1) {  {{1 0 0 0.0380092} {0 1 0 -0.284701} {0 0 1 0.140735} {0 0 0 1}}  }
set viewpoints(70000,0,2) {  {{0.018811 0 0 0} {0 0.018811 0 0} {0 0 0.018811 0} {0 0 0 1}}  }
set viewpoints(70000,0,3) {  {{1 0 0 0} {0 1 0 0} {0 0 1 0} {0 0 0 1}}  }

set viewpoints(72400,0,0) {  {{-0.539621 -0.670473 -0.508906 0} {-0.262872 0.708525 -0.654704 0} {0.799641 -0.219536 -0.558673 0} {0 0 0 1}}  }
set viewpoints(72400,0,1) {  {{1 0 0 0.0380092} {0 1 0 -0.284701} {0 0 1 0.140735} {0 0 0 1}}  }
set viewpoints(72400,0,2) {  {{0.018811 0 0 0} {0 0.018811 0 0} {0 0 0.018811 0} {0 0 0 1}}  }
set viewpoints(72400,0,3) {  {{1 0 0 0} {0 1 0 0} {0 0 1 0} {0 0 0 1}}  }

set viewpoints(75000,0,0) {  {{-0.239442 -0.725015 -0.645547 0} {0.208959 0.610832 -0.763528 0} {0.948005 -0.317759 0.00522853 0} {0 0 0 1}}  }
set viewpoints(75000,0,1) {  {{1 0 0 0.0380092} {0 1 0 -0.284701} {0 0 1 0.140735} {0 0 0 1}}  }
set viewpoints(75000,0,2) {  {{0.018811 0 0 0} {0 0.018811 0 0} {0 0 0.018811 0} {0 0 0 1}}  }
set viewpoints(75000,0,3) {  {{1 0 0 0} {0 1 0 0} {0 0 1 0} {0 0 0 1}}  }

set viewpoints(80000,0,0) {  {{0.706392 -0.387544 -0.592068 0} {0.0827698 0.87609 -0.474721 0} {0.702754 0.286365 0.651016 0} {0 0 0 1}}  }
set viewpoints(80000,0,1) {  {{1 0 0 0.0380092} {0 1 0 -0.284701} {0 0 1 0.140735} {0 0 0 1}}  }
set viewpoints(80000,0,2) {  {{0.018811 0 0 0} {0 0.018811 0 0} {0 0 0.018811 0} {0 0 0 1}}  }
set viewpoints(80000,0,3) {  {{1 0 0 0} {0 1 0 0} {0 0 1 0} {0 0 0 1}}  }

set viewpoints(85000,0,0) {  {{-0.861054 0.288557 -0.418348 0} {0.460763 0.790522 -0.403124 0} {0.214432 -0.539937 -0.813754 0} {0 0 0 1}}  }
set viewpoints(85000,0,1) {  {{1 0 0 0.0380092} {0 1 0 -0.284701} {0 0 1 0.140735} {0 0 0 1}}  }
set viewpoints(85000,0,2) {  {{0.018811 0 0 0} {0 0.018811 0 0} {0 0 0.018811 0} {0 0 0 1}}  }
set viewpoints(85000,0,3) {  {{1 0 0 0} {0 1 0 0} {0 0 1 0} {0 0 0 1}}  }

set viewpoints(90000,0,0) {  {{0.455349 0.841152 0.291217 0} {0.292749 -0.450453 0.843267 0} {0.840612 -0.298763 -0.451439 0} {0 0 0 1}}  }
set viewpoints(90000,0,1) {  {{1 0 0 0.0380092} {0 1 0 -0.284701} {0 0 1 0.140735} {0 0 0 1}}  }
set viewpoints(90000,0,2) {  {{0.018811 0 0 0} {0 0.018811 0 0} {0 0 0.018811 0} {0 0 0 1}}  }
set viewpoints(90000,0,3) {  {{1 0 0 0} {0 1 0 0} {0 0 1 0} {0 0 0 1}}  }

set viewpoints(95000,0,0) {  {{-0.258653 0.946176 -0.193766 0} {-0.808361 -0.321856 -0.492565 0} {-0.528502 0.029214 0.848247 0} {0 0 0 1}}  }
set viewpoints(95000,0,1) {  {{1 0 0 0.0380092} {0 1 0 -0.284701} {0 0 1 0.140735} {0 0 0 1}}  }
set viewpoints(95000,0,2) {  {{0.018811 0 0 0} {0 0.018811 0 0} {0 0 0.018811 0} {0 0 0 1}}  }
set viewpoints(95000,0,3) {  {{1 0 0 0} {0 1 0 0} {0 0 1 0} {0 0 0 1}}  }

set viewpoints(100000,0,0) {  {{-0.116539 0.97709 -0.177228 0} {-0.898691 -0.0278836 0.43732 0} {0.42241 0.210259 0.881488 0} {0 0 0 1}}  }
set viewpoints(100000,0,1) {  {{1 0 0 0.0380092} {0 1 0 -0.284701} {0 0 1 0.140735} {0 0 0 1}}  }
set viewpoints(100000,0,2) {  {{0.018811 0 0 0} {0 0.018811 0 0} {0 0 0.018811 0} {0 0 0 1}}  }
set viewpoints(100000,0,3) {  {{1 0 0 0} {0 1 0 0} {0 0 1 0} {0 0 0 1}}  }

set viewpoints(105000,0,0) {  {{0.346838 0.632321 0.692476 0} {-0.529414 0.741458 -0.411865 0} {-0.773995 -0.223812 0.592037 0} {0 0 0 1}}  }
set viewpoints(105000,0,1) {  {{1 0 0 0.0380092} {0 1 0 -0.284701} {0 0 1 0.140735} {0 0 0 1}}  }
set viewpoints(105000,0,2) {  {{0.018811 0 0 0} {0 0.018811 0 0} {0 0 0.018811 0} {0 0 0 1}}  }
set viewpoints(105000,0,3) {  {{1 0 0 0} {0 1 0 0} {0 0 1 0} {0 0 0 1}}  }

set viewpoints(110000,0,0) {  {{-0.786705 -0.585889 0.193615 0} {-0.527107 0.801201 0.282636 0} {-0.320756 0.120336 -0.939297 0} {0 0 0 1}}  }
set viewpoints(110000,0,1) {  {{1 0 0 0.0380092} {0 1 0 -0.284701} {0 0 1 0.140735} {0 0 0 1}}  }
set viewpoints(110000,0,2) {  {{0.0208285 0 0 0} {0 0.0208285 0 0} {0 0 0.0208285 0} {0 0 0 1}}  }
set viewpoints(110000,0,3) {  {{1 0 0 0} {0 1 0 0} {0 0 1 0} {0 0 0 1}}  }

set viewpoints(115000,0,0) {  {{-0.554134 -0.828543 -0.0781086 0} {-0.569883 0.30939 0.761019 0} {-0.606458 0.466321 -0.643731 0} {0 0 0 1}}  }
set viewpoints(115000,0,1) {  {{1 0 0 0.0380092} {0 1 0 -0.284701} {0 0 1 0.140735} {0 0 0 1}}  }
set viewpoints(115000,0,2) {  {{0.0208285 0 0 0} {0 0.0208285 0 0} {0 0 0.0208285 0} {0 0 0 1}}  }
set viewpoints(115000,0,3) {  {{1 0 0 0} {0 1 0 0} {0 0 1 0} {0 0 0 1}}  }

set viewpoints(120000,0,0) {  {{-0.554134 -0.828543 -0.0781086 0} {-0.569883 0.30939 0.761019 0} {-0.606458 0.466321 -0.643731 0} {0 0 0 1}}  }
set viewpoints(120000,0,1) {  {{1 0 0 0.0380092} {0 1 0 -0.284701} {0 0 1 0.140735} {0 0 0 1}}  }
set viewpoints(120000,0,2) {  {{0.0208285 0 0 0} {0 0.0208285 0 0} {0 0 0.0208285 0} {0 0 0 1}}  }
set viewpoints(120000,0,3) {  {{1 0 0 0} {0 1 0 0} {0 0 1 0} {0 0 0 1}}  }

set viewpoints(125000,0,0) {  {{-0.54128 0.0175418 0.840445 0} {0.360692 0.907761 0.213338 0} {-0.759295 0.418707 -0.497767 0} {0 0 0 1}}  }
set viewpoints(125000,0,1) {  {{1 0 0 0.0380092} {0 1 0 -0.284701} {0 0 1 0.140735} {0 0 0 1}}  }
set viewpoints(125000,0,2) {  {{0.0208285 0 0 0} {0 0.0208285 0 0} {0 0 0.0208285 0} {0 0 0 1}}  }
set viewpoints(125000,0,3) {  {{1 0 0 0} {0 1 0 0} {0 0 1 0} {0 0 0 1}}  }

set viewpoints(130000,0,0) {  {{0.248087 0.642427 -0.724839 0} {0.929061 0.0535872 0.365473 0} {0.273682 -0.764236 -0.583661 0} {0 0 0 1}}  }
set viewpoints(130000,0,1) {  {{1 0 0 0.0380092} {0 1 0 -0.284701} {0 0 1 0.140735} {0 0 0 1}}  }
set viewpoints(130000,0,2) {  {{0.0208285 0 0 0} {0 0.0208285 0 0} {0 0 0.0208285 0} {0 0 0 1}}  }
set viewpoints(130000,0,3) {  {{1 0 0 0} {0 1 0 0} {0 0 1 0} {0 0 0 1}}  }

set viewpoints(135000,0,0) {  {{0.0613465 0.186907 0.98026 0} {0.460958 -0.876371 0.138256 0} {0.885072 0.443477 -0.139965 0} {0 0 0 1}}  }
set viewpoints(135000,0,1) {  {{1 0 0 0.0380092} {0 1 0 -0.284701} {0 0 1 0.140735} {0 0 0 1}}  }
set viewpoints(135000,0,2) {  {{0.0208285 0 0 0} {0 0.0208285 0 0} {0 0 0.0208285 0} {0 0 0 1}}  }
set viewpoints(135000,0,3) {  {{1 0 0 0} {0 1 0 0} {0 0 1 0} {0 0 0 1}}  }

set viewpoints(140000,0,0) {  {{0.0524439 0.791355 -0.608808 0} {-0.318626 -0.564497 -0.761193 0} {-0.946213 0.233943 0.222593 0} {0 0 0 1}}  }
set viewpoints(140000,0,1) {  {{1 0 0 0.0380092} {0 1 0 -0.284701} {0 0 1 0.140735} {0 0 0 1}}  }
set viewpoints(140000,0,2) {  {{0.0208285 0 0 0} {0 0.0208285 0 0} {0 0 0.0208285 0} {0 0 0 1}}  }
set viewpoints(140000,0,3) {  {{1 0 0 0} {0 1 0 0} {0 0 1 0} {0 0 0 1}}  }

set viewpoints(145000,0,0) {  {{-0.69827 0.714346 -0.0415883 0} {-0.0310678 0.027783 0.998933 0} {0.714869 0.698971 0.00277224 0} {0 0 0 1}}  }
set viewpoints(145000,0,1) {  {{1 0 0 0.0380092} {0 1 0 -0.284701} {0 0 1 0.140735} {0 0 0 1}}  }
set viewpoints(145000,0,2) {  {{0.0208285 0 0 0} {0 0.0208285 0 0} {0 0 0.0208285 0} {0 0 0 1}}  }
set viewpoints(145000,0,3) {  {{1 0 0 0} {0 1 0 0} {0 0 1 0} {0 0 0 1}}  }

set viewpoints(150000,0,0) {  {{0.0770111 0.837523 -0.540606 0} {0.954789 -0.217759 -0.201358 0} {-0.286407 -0.500754 -0.816578 0} {0 0 0 1}}  }
set viewpoints(150000,0,1) {  {{1 0 0 0.0380092} {0 1 0 -0.284701} {0 0 1 0.140735} {0 0 0 1}}  }
set viewpoints(150000,0,2) {  {{0.0208285 0 0 0} {0 0.0208285 0 0} {0 0 0.0208285 0} {0 0 0 1}}  }
set viewpoints(150000,0,3) {  {{1 0 0 0} {0 1 0 0} {0 0 1 0} {0 0 0 1}}  }

set viewpoints(155000,0,0) {  {{0.333385 0.779567 -0.529866 0} {0.941894 -0.254288 0.218518 0} {0.0356256 -0.57204 -0.819199 0} {0 0 0 1}}  }
set viewpoints(155000,0,1) {  {{1 0 0 0.0380092} {0 1 0 -0.284701} {0 0 1 0.140735} {0 0 0 1}}  }
set viewpoints(155000,0,2) {  {{0.0208285 0 0 0} {0 0.0208285 0 0} {0 0 0.0208285 0} {0 0 0 1}}  }
set viewpoints(155000,0,3) {  {{1 0 0 0} {0 1 0 0} {0 0 1 0} {0 0 0 1}}  }

set viewpoints(160000,0,0) {  {{-0.798623 0.597798 0.0664937 0} {0.596951 0.801307 -0.0340802 0} {-0.0736563 0.012498 -0.996997 0} {0 0 0 1}}  }
set viewpoints(160000,0,1) {  {{1 0 0 0.0380092} {0 1 0 -0.284701} {0 0 1 0.140735} {0 0 0 1}}  }
set viewpoints(160000,0,2) {  {{0.0208285 0 0 0} {0 0.0208285 0 0} {0 0 0.0208285 0} {0 0 0 1}}  }
set viewpoints(160000,0,3) {  {{1 0 0 0} {0 1 0 0} {0 0 1 0} {0 0 0 1}}  }

set viewpoints(165000,0,0) {  {{-0.613969 0.779702 -0.121228 0} {0.461108 0.229899 -0.856812 0} {-0.640307 -0.582081 -0.500759 0} {0 0 0 1}}  }
set viewpoints(165000,0,1) {  {{1 0 0 0.0380092} {0 1 0 -0.284701} {0 0 1 0.140735} {0 0 0 1}}  }
set viewpoints(165000,0,2) {  {{0.0208285 0 0 0} {0 0.0208285 0 0} {0 0 0.0208285 0} {0 0 0 1}}  }
set viewpoints(165000,0,3) {  {{1 0 0 0} {0 1 0 0} {0 0 1 0} {0 0 0 1}}  }

set viewpoints(170000,0,0) {  {{-0.724385 0.569926 0.387328 0} {-0.611658 -0.790626 0.0194052 0} {0.31734 -0.222922 0.921506 0} {0 0 0 1}}  }
set viewpoints(170000,0,1) {  {{1 0 0 0.0380092} {0 1 0 -0.284701} {0 0 1 0.140735} {0 0 0 1}}  }
set viewpoints(170000,0,2) {  {{0.0208285 0 0 0} {0 0.0208285 0 0} {0 0 0.0208285 0} {0 0 0 1}}  }
set viewpoints(170000,0,3) {  {{1 0 0 0} {0 1 0 0} {0 0 1 0} {0 0 0 1}}  }

set viewpoints(175000,0,0) {  {{0.148979 0.506616 0.848941 0} {-0.888561 -0.307753 0.339593 0} {0.433383 -0.805121 0.404403 0} {0 0 0 1}}  }
set viewpoints(175000,0,1) {  {{1 0 0 0.0380092} {0 1 0 -0.284701} {0 0 1 0.140735} {0 0 0 1}}  }
set viewpoints(175000,0,2) {  {{0.0208285 0 0 0} {0 0.0208285 0 0} {0 0 0.0208285 0} {0 0 0 1}}  }
set viewpoints(175000,0,3) {  {{1 0 0 0} {0 1 0 0} {0 0 1 0} {0 0 0 1}}  }

set viewpoints(180000,0,0) {  {{0.423553 0.60987 0.669488 0} {-0.0409523 -0.725464 0.686746 0} {0.904698 -0.318354 -0.282363 0} {0 0 0 1}}  }
set viewpoints(180000,0,1) {  {{1 0 0 0.0380092} {0 1 0 -0.284701} {0 0 1 0.140735} {0 0 0 1}}  }
set viewpoints(180000,0,2) {  {{0.0208285 0 0 0} {0 0.0208285 0 0} {0 0 0.0208285 0} {0 0 0 1}}  }
set viewpoints(180000,0,3) {  {{1 0 0 0} {0 1 0 0} {0 0 1 0} {0 0 0 1}}  }

set viewpoints(185000,0,0) {  {{0.78185 -0.449632 0.431382 0} {-0.163651 0.519692 0.838268 0} {-0.601228 -0.726179 0.33283 0} {0 0 0 1}}  }
set viewpoints(185000,0,1) {  {{1 0 0 0.0380092} {0 1 0 -0.284701} {0 0 1 0.140735} {0 0 0 1}}  }
set viewpoints(185000,0,2) {  {{0.0208285 0 0 0} {0 0.0208285 0 0} {0 0 0.0208285 0} {0 0 0 1}}  }
set viewpoints(185000,0,3) {  {{1 0 0 0} {0 1 0 0} {0 0 1 0} {0 0 0 1}}  }

set viewpoints(190000,0,0) {  {{0.744971 -0.4281 0.511164 0} {-0.557864 0.0195688 0.829437 0} {-0.365161 -0.903282 -0.224271 0} {0 0 0 1}}  }
set viewpoints(190000,0,1) {  {{1 0 0 0.0380092} {0 1 0 -0.284701} {0 0 1 0.140735} {0 0 0 1}}  }
set viewpoints(190000,0,2) {  {{0.0208285 0 0 0} {0 0.0208285 0 0} {0 0 0.0208285 0} {0 0 0 1}}  }
set viewpoints(190000,0,3) {  {{1 0 0 0} {0 1 0 0} {0 0 1 0} {0 0 0 1}}  }

set viewpoints(195000,0,0) {  {{-0.211524 0.777482 0.591882 0} {0.155372 0.624665 -0.765003 0} {-0.9647 -0.0698701 -0.25297 0} {0 0 0 1}}  }
set viewpoints(195000,0,1) {  {{1 0 0 0.0380092} {0 1 0 -0.284701} {0 0 1 0.140735} {0 0 0 1}}  }
set viewpoints(195000,0,2) {  {{0.0208285 0 0 0} {0 0.0208285 0 0} {0 0 0.0208285 0} {0 0 0 1}}  }
set viewpoints(195000,0,3) {  {{1 0 0 0} {0 1 0 0} {0 0 1 0} {0 0 0 1}}  }

set viewpoints(200001,0,0) {  {{-0.557367 -0.776455 0.293295 0} {0.652208 -0.628222 -0.423672 0} {0.51331 -0.0448762 0.856747 0} {0 0 0 1}}  }
set viewpoints(200001,0,1) {  {{1 0 0 0.0380092} {0 1 0 -0.284701} {0 0 1 0.140735} {0 0 0 1}}  }
set viewpoints(200001,0,2) {  {{0.0208285 0 0 0} {0 0.0208285 0 0} {0 0 0.0208285 0} {0 0 0 1}}  }
set viewpoints(200001,0,3) {  {{1 0 0 0} {0 1 0 0} {0 0 1 0} {0 0 0 1}}  }

