#This file contains viewpoints for a VMD script, view_change.tcl.
#Type 'source f002_view_points_new.tcl' from the VMD command window to load these viewpoints.

set viewpoints(2500,0,1) {  {{1 0 0 0} {0 1 0 0} {0 0 1 0} {0 0 0 1}}  }
 
set viewpoints(1000,0,0) {  {{-0.855809 0.201769 -0.476314 0} {0.398118 0.844828 -0.357434 0} {0.330287 -0.495522 -0.803342 0} {0 0 0 1}}  }
 
set viewpoints(2500,0,2) {  {{0.00269657 0 0 0} {0 0.00269657 0 0} {0 0 0.00269657 0} {0 0 0 1}}  }
 
set viewpoints(1000,0,1) {  {{1 0 0 0} {0 1 0 0} {0 0 1 0} {0 0 0 1}}  }
 
set viewpoints(2500,0,3) {  {{1 0 0 0} {0 1 0 0} {0 0 1 0} {0 0 0 1}}  }
 
set viewpoints(1000,0,2) {  {{0.00234127 0 0 0} {0 0.00234127 0 0} {0 0 0.00234127 0} {0 0 0 1}}  }
 
set viewpoints(1000,0,3) {  {{1 0 0 0} {0 1 0 0} {0 0 1 0} {0 0 0 1}}  }
 
set viewpoints(3750,0,0) {  {{0.983538 0.149483 0.10151 0} {-0.137503 0.98365 -0.116241 0} {-0.117228 0.100367 0.988016 0} {0 0 0 1}}  }
 
set viewpoints(3750,0,1) {  {{1 0 0 0} {0 1 0 0} {0 0 1 0} {0 0 0 1}}  }
 
set viewpoints(0,0,0) { {{-0.855811 0.201772 -0.476315 0} {0.398119 0.844833 -0.357433 0} {0.330287 -0.495525 -0.803347 0} {0 0 0 1}} }
 
set viewpoints(0,0,1) { {{1 0 0 0} {0 1 0 0} {0 0 1 0} {0 0 0 1}} }
 
set viewpoints(3750,0,2) {  {{0.00269657 0 0 0} {0 0.00269657 0 0} {0 0 0.00269657 0} {0 0 0 1}}  }
 
set viewpoints(0,0,2) { {{0.0019495 0 0 0} {0 0.0019495 0 0} {0 0 0.0019495 0} {0 0 0 1}} }
 
set viewpoints(3750,0,3) {  {{1 0 0 0} {0 1 0 0} {0 0 1 0} {0 0 0 1}}  }
 
set viewpoints(0,0,3) { {{1 0 0 0} {0 1 0 0} {0 0 1 0} {0 0 0 1}} }
 
set viewpoints(2500,0,0) {  {{-0.855809 0.201769 -0.476314 0} {0.398118 0.844828 -0.357434 0} {0.330287 -0.495522 -0.803342 0} {0 0 0 1}}  }

set viewpoints(2,0,2) { {{0.0019495 0 0 0} {0 0.0019495 0 0} {0 0 0.0019495 0} {0 0 0 1}} }
 
set viewpoints(1,0,3) { {{1 0 0 0} {0 1 0 0} {0 0 1 0} {0 0 0 1}} }
 
set viewpoints(2,0,3) { {{1 0 0 0} {0 1 0 0} {0 0 1 0} {0 0 0 1}} }
 
set viewpoints(2,0,1) { {{1 0 0 0} {0 1 0 0} {0 0 1 0} {0 0 0 1}} }
 
set viewpoints(1,0,2) { {{0.0019495 0 0 0} {0 0.0019495 0 0} {0 0 0.0019495 0} {0 0 0 1}} }
 
set viewpoints(2,0,0) { {{0.0496511 -0.532519 -0.844958 0} {0.418623 0.779201 -0.466478 0} {0.9068 -0.330557 0.261612 0} {0 0 0 1}} }
 
set viewpoints(1,0,1) { {{1 0 0 0} {0 1 0 0} {0 0 1 0} {0 0 0 1}} }
 
set viewpoints(1,0,0) { {{0.494084 0.0592967 0.867389 0} {0.379626 0.882825 -0.276595 0} {-0.782154 0.465943 0.413679 0} {0 0 0 1}} }
 
puts "\nLoaded viewpoints file f002_view_points_new.tcl \n"

