#This file contains viewpoints for a VMD script, view_change.tcl.
#Type 'source azo2_f002.origin.TIS.viewpoints.tcl' from the VMD command window to load these viewpoints.
 
set viewpoints(0,0,0) { {{-0.847874 0.265525 -0.458917 0} {0.337522 0.937829 -0.08097 0} {0.408887 -0.223547 -0.884783 0} {0 0 0 1}} }
set viewpoints(0,0,1) { {{1 0 0 0} {0 1 0 0} {0 0 1 0} {0 0 0 1}} }
set viewpoints(0,0,2) { {{0.0121286 0 0 0} {0 0.0121286 0 0} {0 0 0.0121286 0} {0 0 0 1}} }
set viewpoints(0,0,3) { {{1 0 0 0} {0 1 0 0} {0 0 1 0} {0 0 0 1}} }

set viewpoints(1000,0,0) { {{-0.847874 0.265525 -0.458917 0} {0.337522 0.937829 -0.08097 0} {0.408887 -0.223547 -0.884783 0} {0 0 0 1}} }
set viewpoints(1000,0,1) { {{1 0 0 0} {0 1 0 0} {0 0 1 0} {0 0 0 1}} }
set viewpoints(1000,0,2) { {{0.0131503 0 0 0} {0 0.0131503 0 0} {0 0 0.0131503 0} {0 0 0 1}} }
set viewpoints(1000,0,3) { {{1 0 0 0} {0 1 0 0} {0 0 1 0} {0 0 0 1}} }

set viewpoints(2500,0,0) { {{-0.846947 0.256181 -0.465887 0} {0.306918 0.951094 -0.034967 0} {0.434145 -0.172604 -0.884156 0} {0 0 0 1}} }
set viewpoints(2500,0,1) { {{1 0 0 0} {0 1 0 0} {0 0 1 0} {0 0 0 1}} }
set viewpoints(2500,0,2) { {{0.0151377 0 0 0} {0 0.0151377 0 0} {0 0 0.0151377 0} {0 0 0 1}} }
set viewpoints(2500,0,3) { {{1 0 0 0} {0 1 0 0} {0 0 1 0} {0 0 0 1}} }
 
set viewpoints(3750,0,0) { {{0.979305 0.170146 0.109595 0} {-0.193662 0.945097 0.263229 0} {-0.0587923 -0.279004 0.95849 0} {0 0 0 1}} }
set viewpoints(3750,0,1) { {{1 0 0 0} {0 1 0 0} {0 0 1 0} {0 0 0 1}} }
set viewpoints(3750,0,2) { {{0.0163623 0 0 0} {0 0.0163623 0 0} {0 0 0.0163623 0} {0 0 0 1}} }
set viewpoints(3750,0,3) { {{1 0 0 0} {0 1 0 0} {0 0 1 0} {0 0 0 1}} }
 
puts "\nLoaded viewpoints file azo2_f002.origin.TIS.viewpoints.tcl \n"
